model,size,lr,opt,activation,nni,window,seq_len,hydro,k,best_epoch,train_loss,train_accuracy,train_std,valid_loss,valid_accuracy,val_std,test_loss,test_accuracy,test_std
ltc,32,0.05,Adam,sigmoid,None,1, 1, 0, 0.2, 1,1.0544507503509521,0.4552000533103152,0.0009963026883055522,1.0664424896240234,0.4483627059898088,0.024960098629517213,0.9758659601211548,0.48484849448155876, 0.025114406499850014
ltc,32,0.05,Adam,sigmoid,exp,3, 1, 0, 0.2, 4,0.9562035799026489,0.5320634670929346,0.001006327189728334,0.983642041683197,0.5217391597035597,0.025262175608185066,0.8589332699775696,0.5902062076883217, 0.024967135103873668
ltc,32,0.05,Adam,sigmoid,exp,3, 1, 0, 0.4, 4,0.9529563784599304,0.532950340494873,0.0010062106561193095,0.9932919144630432,0.5268542443394967,0.025249590387447857,0.8339589834213257,0.6159793789853754, 0.02469133073634059
ltc,32,0.05,Adam,sigmoid,exp,3, 1, 0, 0.6, 3,0.9518819451332092,0.5360382790911717,0.0010057799825932557,1.016893744468689,0.5268542443394967,0.025249590387447857,0.8372723460197449,0.61340206185567, 0.024722166082099987
ltc,32,0.05,Adam,sigmoid,exp,3, 1, 0, 0.8, 4,0.9709040522575378,0.5240813012044576,0.0010072324918901138,1.0106868743896484,0.5217391597035597,0.025262175608185066,0.8652428388595581,0.5979381590774377, 0.024891937428816374
ltc,32,0.05,Adam,sigmoid,inv,3, 1, 0, 0.2, 1,0.9740684628486633,0.5211358020716534,0.0010075013802295038,1.0314332246780396,0.516624014091004,0.025272106989763465,0.8393835425376892,0.6082474275962593, 0.024781649264216055
ltc,32,0.05,Adam,sigmoid,inv,3, 1, 0, 0.4, 1,0.9641386866569519,0.5245898216894325,0.001007182516189534,0.9814372062683105,0.5242967020215281,0.025256214968887813,0.8407464623451233,0.6030927933368485, 0.024838233122433346
ltc,32,0.05,Adam,sigmoid,inv,3, 1, 0, 0.6, 5,0.937949538230896,0.5404890696823809,0.001005091016832992,0.9899488091468811,0.5524296675191817,0.02514668628486733,0.8219320774078369,0.6082474275962593, 0.024781649264216055
ltc,32,0.05,Adam,sigmoid,inv,3, 1, 0, 0.8, 5,0.9544432759284973,0.5352367594697587,0.001005895493161091,1.00875985622406,0.5319693289754337,0.025234347254136657,0.8615444898605347,0.5773195605917074, 0.02507831473552365
ltc,32,0.05,Adam,sigmoid,inv_sq,3, 1, 0, 0.2, 2,0.9590214490890503,0.5284263459102091,0.0010067717216163676,1.031934380531311,0.516624014091004,0.025272106989763465,0.8541930317878723,0.5798968777214129, 0.025057484885550912
ltc,32,0.05,Adam,sigmoid,inv_sq,3, 1, 0, 0.4, 2,0.9571115374565125,0.5299072156860604,0.0010065972036987338,1.014915108680725,0.5294117866574651,0.02524230134113092,0.8506223559379578,0.5927835248180271, 0.024942780783262994
ltc,32,0.05,Adam,sigmoid,inv_sq,3, 1, 0, 0.6, 5,0.9451949000358582,0.5388454293923092,0.0010053548348810193,0.9872987270355225,0.5421994982473076,0.02519586711266894,0.8372985124588013,0.5979381590774377, 0.024891937428816374
ltc,32,0.05,Adam,sigmoid,inv_sq,3, 1, 0, 0.8, 1,0.970294177532196,0.5228607665646291,0.0010073481711990436,1.0229357481002808,0.5345268712934022,0.025225727497370273,0.8545658588409424,0.5902062076883217, 0.024967135103873668
ltc,32,0.05,Adam,sigmoid,linear,3, 1, 0, 0.2, 2,0.9612002372741699,0.528942986604633,0.0010067118462285236,1.0267642736434937,0.5242967020215281,0.025256214968887813,0.8276949524879456,0.6082474275962593, 0.024781649264216055
ltc,32,0.05,Adam,sigmoid,linear,3, 1, 0, 0.4, 5,0.9431772828102112,0.5380561816663793,0.001005477607328859,1.007026195526123,0.5345268712934022,0.025225727497370273,0.8531331419944763,0.5798968777214129, 0.025057484885550912
ltc,32,0.05,Adam,sigmoid,linear,3, 1, 0, 0.6, 4,0.9615915417671204,0.5305622052121511,0.0010065171779522083,1.036130428314209,0.5294117866574651,0.02524230134113092,0.8582816123962402,0.605670110466554, 0.024810302345169587
ltc,32,0.05,Adam,sigmoid,linear,3, 1, 0, 0.8, 2,0.9481866359710693,0.5356558355423805,0.0010058354239581024,0.9948222637176514,0.5319693289754337,0.025234347254136657,0.8396990895271301,0.5979381590774377, 0.024891937428816374
ltc,32,0.05,Adam,sigmoid,exp,5, 1, 0, 0.2, 3,0.9294926524162292,0.5412077235950786,0.0010132194747399783,0.9880912899971008,0.537662345093566,0.025409965718660752,0.8167354464530945,0.5894736992685418, 0.025235441719680184
ltc,32,0.05,Adam,sigmoid,exp,5, 1, 0, 0.4, 3,0.9215158224105835,0.5459841399176742,0.0010123694064765839,0.9466433525085449,0.5532467458155248,0.025337451570827795,0.8182356357574463,0.6078947343324359, 0.025045155341131404
ltc,32,0.05,Adam,sigmoid,exp,5, 1, 0, 0.6, 1,0.935825526714325,0.540657682304772,0.0010133113438421952,0.9300660490989685,0.5558441459358512,0.025322923825599815,0.7835944294929504,0.6210526165209318, 0.024886387318616587
ltc,32,0.05,Adam,sigmoid,exp,5, 1, 0, 0.8, 1,0.9369891285896301,0.5394295070666845,0.0010135119916721556,0.9379929304122925,0.5584415460561777,0.025307695338819436,0.7946180701255798,0.6131578872078343, 0.024983957619296168
ltc,32,0.05,Adam,sigmoid,inv,5, 1, 0, 0.2, 2,0.9249927401542664,0.5470841604378917,0.0010121603298988522,0.9761603474617004,0.5636363462968306,0.025275131015884043,0.7940930128097534,0.6052631578947367, 0.02507460801971146
ltc,32,0.05,Adam,sigmoid,inv,5, 1, 0, 0.4, 4,0.9183744788169861,0.5504297122688578,0.001011493791990192,0.9494855999946594,0.537662345093566,0.025409965718660752,0.7881369590759277,0.6052631578947367, 0.02507460801971146
ltc,32,0.05,Adam,sigmoid,inv,5, 1, 0, 0.6, 1,0.932756781578064,0.5403558205383213,0.0010133612333135312,0.9426836371421814,0.5454545454545454,0.02537684210177648,0.7917248010635376,0.6000000050193385, 0.02513123444494249
ltc,32,0.05,Adam,sigmoid,inv,5, 1, 0, 0.8, 1,0.9318975210189819,0.5424152947816733,0.001013013423044516,0.9515222311019897,0.5766233468984628,0.025181361005793518,0.8054754734039307,0.5973684285816393, 0.025158413321002066
ltc,32,0.05,Adam,sigmoid,inv_sq,5, 1, 0, 0.2, 4,0.9221011400222778,0.5473695141389895,0.0010121052793257586,0.9647454619407654,0.5610389461765042,0.025291764844711028,0.809965968132019,0.5947368521439401, 0.025184839259795356
ltc,32,0.05,Adam,sigmoid,inv_sq,5, 1, 0, 0.4, 2,0.9230061173439026,0.5473322779013516,0.0010121124819993269,0.9340007901191711,0.5454545454545454,0.02537684210177648,0.7965062856674194,0.5947368521439401, 0.025184839259795356
ltc,32,0.05,Adam,sigmoid,inv_sq,5, 1, 0, 0.6, 1,0.9436964988708496,0.5324075594333398,0.00101454037253164,0.9616940021514893,0.5506493456951983,0.025351279779199362,0.8033201694488525,0.5947368521439401, 0.025184839259795356
ltc,32,0.05,Adam,sigmoid,inv_sq,5, 1, 0, 0.8, 3,0.9159038066864014,0.5508267126224731,0.001011411631148876,0.9533216953277588,0.5350649449732396,0.02541961864459074,0.810464084148407,0.6078947343324359, 0.025045155341131404
ltc,32,0.05,Adam,sigmoid,linear,5, 1, 0, 0.2, 1,0.9442274570465088,0.5310221852120247,0.00101471941225154,0.9812098741531372,0.5116882819633979,0.02547539602764929,0.8047376275062561,0.623684192958631, 0.02485231220907413
ltc,32,0.05,Adam,sigmoid,linear,5, 1, 0, 0.4, 2,0.9279744029045105,0.5436765482108623,0.0010127918108524781,0.9559204578399658,0.5584415460561777,0.025307695338819436,0.7995975017547607,0.6105263107701351, 0.025014939464013747
ltc,32,0.05,Adam,sigmoid,linear,5, 1, 0, 0.6, 4,0.9118363261222839,0.5572448746625204,0.0010099929135918972,0.9105823040008545,0.5636363462968306,0.025275131015884043,0.7992671728134155,0.6078947343324359, 0.025045155341131404
ltc,32,0.05,Adam,sigmoid,linear,5, 1, 0, 0.8, 2,0.918674886226654,0.5521169482566237,0.0010111401148078232,0.9474347829818726,0.5558441459358512,0.025322923825599815,0.7824997901916504,0.6105263107701351, 0.025014939464013747
ltc,32,0.05,Adam,sigmoid,exp,7, 1, 0, 0.2, 3,0.9104351997375488,0.5448643706700707,0.0010210254564668435,0.9554070234298706,0.5329815353755901,0.02562733834233634,0.8125662207603455,0.5860215156309065, 0.025537253982970787
ltc,32,0.05,Adam,sigmoid,exp,7, 1, 0, 0.4, 4,0.8944737315177917,0.556692207530457,0.0010185496449458742,0.9303972125053406,0.5461741349313379,0.025573524261920694,0.7824618816375732,0.596774193548387, 0.025433592396917212
ltc,32,0.05,Adam,sigmoid,exp,7, 1, 0, 0.6, 3,0.8922173380851746,0.5593832462809432,0.0010179048382627364,0.9189699292182922,0.5672822942205343,0.025449680958879697,0.7842756509780884,0.6290322273008284, 0.02504569395725548
ltc,32,0.05,Adam,sigmoid,exp,7, 1, 0, 0.8, 2,0.899469792842865,0.5549977119128154,0.0010189401286244068,0.948428213596344,0.551451174753637,0.02554693423078924,0.7695324420928955,0.6263440578214583, 0.02508250788409994
ltc,32,0.05,Adam,sigmoid,inv,7, 1, 0, 0.2, 3,0.8979793787002563,0.5518567679804649,0.00101963223154691,0.9741069078445435,0.5382585751978892,0.025607978299144695,0.777665913105011,0.6075268714658675, 0.025317233065405707
ltc,32,0.05,Adam,sigmoid,inv,7, 1, 0, 0.4, 4,0.8962016701698303,0.5552752270586554,0.0010188769988368762,0.9148284196853638,0.551451174753637,0.02554693423078924,0.7723650336265564,0.645161308268065, 0.024807224200462243
ltc,32,0.05,Adam,sigmoid,inv,7, 1, 0, 0.6, 1,0.9172970652580261,0.5440149774508455,0.0010211808575106552,0.9299113750457764,0.5540896946647865,0.02553254971217983,0.7758747339248657,0.6236558883420882, 0.025118494518526158
ltc,32,0.05,Adam,sigmoid,inv,7, 1, 0, 0.8, 3,0.8921763896942139,0.5608380869363518,0.0010175436108030855,0.917673647403717,0.5593667344870856,0.025501595523385667,0.7836031913757324,0.6317204608712144, 0.02500804817700333
ltc,32,0.05,Adam,sigmoid,inv_sq,7, 1, 0, 0.2, 2,0.9125880002975464,0.5411767887867397,0.00102167841621573,0.9324912428855896,0.5303430154644405,0.025635938114065414,0.8086381554603577,0.5833333461515364, 0.025561203876186434
ltc,32,0.05,Adam,sigmoid,inv_sq,7, 1, 0, 0.4, 3,0.9011722207069397,0.5522898884809301,0.0010195392398395947,0.9567309021949768,0.5329815353755901,0.02562733834233634,0.7981258630752563,0.5994623630277571, 0.0254056994674939
ltc,32,0.05,Adam,sigmoid,inv_sq,7, 1, 0, 0.6, 3,0.8939892053604126,0.556355819799108,0.0010186281175572909,0.9072437286376953,0.5488126548424874,0.02556059202592228,0.8049774169921875,0.5887096851102767, 0.025512520211602135
ltc,32,0.05,Adam,sigmoid,inv_sq,7, 1, 0, 0.8, 5,0.8899956345558167,0.5588534561116679,0.0010180341790007237,0.9290463328361511,0.5540896946647865,0.02553254971217983,0.794971764087677,0.5913978545896468, 0.025487000279945046
ltc,32,0.05,Adam,sigmoid,linear,7, 1, 0, 0.2, 4,0.9204785227775574,0.5366441045049923,0.0010224038490477124,0.9534335136413574,0.5303430154644405,0.025635938114065414,0.8098645210266113,0.6075268714658675, 0.025317233065405707
ltc,32,0.05,Adam,sigmoid,linear,7, 1, 0, 0.4, 4,0.9011304974555969,0.5540810537673817,0.0010191463667255291,0.961014986038208,0.5356200552867396,0.025618018666028936,0.7511826157569885,0.6478494777474351, 0.02476451089384402
ltc,32,0.05,Adam,sigmoid,linear,7, 1, 0, 0.6, 2,0.905206561088562,0.5505953928632885,0.001019898597678543,0.9361680746078491,0.551451174753637,0.02554693423078924,0.7642332315444946,0.6478494777474351, 0.02476451089384402
ltc,32,0.05,Adam,sigmoid,linear,7, 1, 0, 0.8, 1,0.920857846736908,0.5393730034390857,0.0010219772883626403,0.9197348952293396,0.5488126548424874,0.02556059202592228,0.774461030960083,0.6048387019864974, 0.025347522548967057
ltc,32,0.05,Adam,sigmoid,exp,9, 1, 0, 0.2, 1,0.9277781844139099,0.5221448894597865,0.0010328446902205023,0.9312530755996704,0.5442359121491379,0.0257874995215112,0.8019046187400818,0.5741758372757462, 0.02591713046520901
ltc,32,0.05,Adam,sigmoid,exp,9, 1, 0, 0.4, 5,0.8778477907180786,0.5567706743997782,0.0010271735026555228,0.9229461550712585,0.5388739869677669,0.02581065376066432,0.7592422366142273,0.6318681554479915, 0.02527925296979395
ltc,32,0.05,Adam,sigmoid,exp,9, 1, 0, 0.6, 3,0.8736845850944519,0.5615345620085787,0.0010259998958438315,0.8852572441101074,0.5495978373305088,0.025761332628559674,0.7550646066665649,0.6291209053207231, 0.025318183526037628
ltc,32,0.05,Adam,sigmoid,exp,9, 1, 0, 0.8, 2,0.8859332799911499,0.5513653510671664,0.0010283892522017833,0.9314172267913818,0.533512061786396,0.02583080344747638,0.7556977868080139,0.6263736551934547, 0.02535623659509844
ltc,32,0.05,Adam,sigmoid,inv,9, 1, 0, 0.2, 2,0.88606858253479,0.550497246911489,0.0010285730511520646,0.8960111737251282,0.5630026502839363,0.02568267199697145,0.7457959651947021,0.6593406567206751, 0.024840731965944805
ltc,32,0.05,Adam,sigmoid,inv,9, 1, 0, 0.4, 3,0.8794440627098083,0.5565440701435723,0.001027226940897515,0.9184932112693787,0.5549597625118798,0.02573214389115205,0.753761351108551,0.6153845891847716, 0.025499752023070362
ltc,32,0.05,Adam,sigmoid,inv,9, 1, 0, 0.6, 5,0.8711557984352112,0.564087598123102,0.001025331443922667,0.9061238765716553,0.5522787999211943,0.025747116607808436,0.7554605603218079,0.6153845891847716, 0.025499752023070362
ltc,32,0.05,Adam,sigmoid,inv,9, 1, 0, 0.8, 5,0.8660751581192017,0.5665294178184793,0.001024666258456796,0.9132230877876282,0.5549597625118798,0.02573214389115205,0.7717335224151611,0.6346154055752598, 0.02523944086592942
ltc,32,0.05,Adam,sigmoid,inv_sq,9, 1, 0, 0.2, 4,0.8866459131240845,0.5520923329460393,0.0010282328961825965,0.9116870164871216,0.5522787999211943,0.025747116607808436,0.7741401791572571,0.6126373390575033, 0.025533474572879033
ltc,32,0.05,Adam,sigmoid,inv_sq,9, 1, 0, 0.4, 2,0.8887357711791992,0.5485728755643949,0.0010289692065645862,0.8839175701141357,0.5388739869677669,0.02581065376066432,0.7862290143966675,0.5989010884211614, 0.02568931955717669
ltc,32,0.05,Adam,sigmoid,inv_sq,9, 1, 0, 0.6, 5,0.8760805726051331,0.5590756715875852,0.0010266176249681775,0.9151192307472229,0.5442359121491379,0.0257874995215112,0.7741358280181885,0.6208790894393084, 0.025429726793068777
ltc,32,0.05,Adam,sigmoid,inv_sq,9, 1, 0, 0.8, 4,0.877562940120697,0.5563901127347256,0.0010272631239112737,0.9190492033958435,0.5442359121491379,0.0257874995215112,0.7704752087593079,0.6071428388029665, 0.02559835653707119
ltc,32,0.05,Adam,sigmoid,linear,9, 1, 0, 0.2, 5,0.9012064933776855,0.5402766954419078,0.0010304994520129917,0.9440537095069885,0.5254691740143396,0.025855409521831754,0.76929771900177,0.6291209053207231, 0.025318183526037628
ltc,32,0.05,Adam,sigmoid,linear,9, 1, 0, 0.4, 4,0.8894259333610535,0.5483376717697207,0.0010290165604674942,0.9353100657463074,0.5415549495584524,0.025799452691120783,0.7577149271965027,0.6428571559570648, 0.025114672881279543
ltc,32,0.05,Adam,sigmoid,linear,9, 1, 0, 0.6, 5,0.8814827799797058,0.554217702460915,0.001027763035360169,0.9220832586288452,0.5388739869677669,0.02581065376066432,0.7636672854423523,0.6263736551934547, 0.02535623659509844
ltc,32,0.05,Adam,sigmoid,linear,9, 1, 0, 0.8, 5,0.8751758933067322,0.558609563767471,0.0010267318413177077,0.9219141602516174,0.5415549495584524,0.025799452691120783,0.7433717846870422,0.6510989063388699, 0.024981813192668772
