model,size,lr,opt,activation,nni,window,seq_len,hydro,k,best_epoch,train_loss,train_accuracy,train_std,valid_loss,valid_accuracy,val_std,test_loss,test_accuracy,test_std
ltc,32,0.05,Adam,sigmoid,None,1, 1, 0, 0.2, 1,1.0544507503509521,0.4552000533103152,0.0009963026883055522,1.0664424896240234,0.4483627059898088,0.024960098629517213,0.9758659601211548,0.48484849448155876, 0.025114406499850014
ltc,32,0.05,Adam,sigmoid,inv,3, 1, 0, 0.2, 1,0.9740684628486633,0.5211358020716534,0.0010075013802295038,1.0314332246780396,0.516624014091004,0.025272106989763465,0.8393835425376892,0.6082474275962593, 0.024781649264216055
ltc,32,0.05,Adam,sigmoid,inv,5, 1, 0, 0.2, 2,0.9249927401542664,0.5470841604378917,0.0010121603298988522,0.9761603474617004,0.5636363462968306,0.025275131015884043,0.7940930128097534,0.6052631578947367, 0.02507460801971146
ltc,32,0.05,Adam,sigmoid,inv,7, 1, 0, 0.2, 3,0.8979793787002563,0.5518567679804649,0.00101963223154691,0.9741069078445435,0.5382585751978892,0.025607978299144695,0.777665913105011,0.6075268714658675, 0.025317233065405707
ltc,32,0.05,Adam,sigmoid,inv,9, 1, 0, 0.2, 2,0.88606858253479,0.550497246911489,0.0010285730511520646,0.8960111737251282,0.5630026502839363,0.02568267199697145,0.7457959651947021,0.6593406567206751, 0.024840731965944805
ltc,32,0.05,Adam,sigmoid,inv,11, 1, 0, 0.2, 1,0.8972470760345459,0.5325977801384773,0.0010405644010686476,0.9007019996643066,0.5340599351098168,0.026039161495534074,0.7552137970924377,0.6376404601536441, 0.02547609056054594
ltc,32,0.05,Adam,sigmoid,inv,13, 1, 0, 0.2, 1,0.8842158913612366,0.5304918490829527,0.0010499838641039505,0.8763329982757568,0.5346260202888637,0.026252610408073765,0.7483411431312561,0.6494252791349915, 0.0255779227470847
ltc,32,0.05,Adam,sigmoid,inv,15, 1, 0, 0.2, 3,0.8413828611373901,0.5499068615357972,0.001056046074908001,0.870420515537262,0.5633802951221735,0.0263231777155208,0.7217676043510437,0.6352941148421344, 0.02610473827223728
ltc,32,0.05,Adam,sigmoid,inv,17, 1, 0, 0.2, 2,0.829509437084198,0.5459294454552671,0.0010664794443513799,0.8569751977920532,0.5272206030465811,0.026724694201106163,0.7182407379150391,0.6174698852630982, 0.026672987670184962
ltc,32,0.05,Adam,sigmoid,inv,19, 1, 0, 0.2, 5,0.8074303269386292,0.5529707267823959,0.0010748445371174687,0.8678024411201477,0.5247813077431727,0.026964282972646875,0.6923193335533142,0.6080246972449032, 0.02712173430219933
ltc,32,0.05,Adam,sigmoid,inv,21, 1, 0, 0.2, 4,0.7954819798469543,0.5489325178391808,0.0010858855013154752,0.8109390139579773,0.5281899364482755,0.02719341250975944,0.6883620619773865,0.6044303797468356, 0.027506863112865314
