model,size,lr,opt,activation,nni,window,seq_len,hydro,k,best_epoch,train_loss,train_accuracy,train_std,valid_loss,valid_accuracy,val_std,test_loss,test_accuracy,test_std
ltc,32,0.05,Adam,sigmoid,inv,11, 2, 0, 0.2, 5,0.7760303616523743,0.5878008632541032,0.0010853359062803056,0.7125890254974365,0.6442857469831194,0.01809426204303939,0.8412208557128906,0.524682667763176, 0.018754999931831724
ltc,32,0.05,Adam,sigmoid,inv,11, 4, 0, 0.2, 5,0.7913525700569153,0.5866983546736075,0.000761769400698244,0.7050902843475342,0.6426553375976908,0.012735062554188822,0.8367007970809937,0.5653685674547982, 0.01307214788548505
ltc,32,0.05,Adam,sigmoid,inv,11, 8, 0, 0.2, 5,0.8159719109535217,0.585884580918977,0.0005306323564020721,0.7436466217041016,0.6132140477935937,0.009034280880795132,0.8421292901039124,0.5872369366119448, 0.009070698348550775
ltc,32,0.05,Adam,sigmoid,inv,11, 10, 0, 0.2, 5,0.8262089490890503,0.5865249312835942,0.0004709710976289944,0.7437186241149902,0.6289052059066843,0.007962548984625497,0.8804259300231934,0.5257787238386341, 0.008182522068403262
ltc,32,0.05,Adam,sigmoid,inv,11, 8, 0, 0.2, 5,0.9862281680107117,0.5304232643682963,0.002242625266035746,1.0127875804901123,0.4907643384994215,0.008921360300090319,0.860434889793396,0.5938311613999404, 0.008849310508586675
ltc,32,0.05,Adam,sigmoid,inv,11, 8, 0, 0.2, 18,0.9656046032905579,0.5401662818334686,0.002239526908307368,0.9195509552955627,0.598407623874154,0.008748356343592337,0.7692611813545227,0.6402597427368164, 0.008647633197845592
ltc,32,0.05,Adam,sigmoid,inv,11, 8, 0, 0.2, 4,0.919112503528595,0.5645275692794628,0.0004694722501918563,0.9234412908554077,0.5476821242578772,0.009056964957815878,0.9312682151794434,0.5603895806646966, 0.008943420612694318
ltc,32,0.05,Adam,sigmoid,inv,11, 8, 0, 0.2, 9,0.910751223564148,0.5749859009517223,0.0010493876736123952,1.0382685661315918,0.4656051040455035,0.008901745894959758,1.1884046792984009,0.3860389659931133, 0.008772242281878357
lstm,32,0.05,Adam,sigmoid,inv,11, 8, 0, 0.2, 8,0.8196782469749451,0.5937648267605969,0.0003567668657091785,0.9156477451324463,0.5129139376002432,0.009095396372382424,0.7760754227638245,0.6155405688930203, 0.008941445725881103
node,32,0.05,Adam,sigmoid,inv,11, 8, 0, 0.2, 2,0.8801392316818237,0.5597891878790097,0.00036060448434594746,0.9346307516098022,0.5274834285508718,0.009084676370313956,0.7899571061134338,0.5986486770011284, 0.009009537711351934
ctgru,32,0.05,Adam,sigmoid,inv,11, 8, 0, 0.2, 1,1.156315803527832,0.43542819711165165,0.00036016904486621185,1.0791040658950806,0.44602650522396264,0.009045266257885763,0.9677746295928955,0.4837837605863004, 0.009185348085535934
ctrnn,32,0.05,Adam,sigmoid,inv,11, 8, 0, 0.2, 1,0.9013835787773132,0.5489513631591825,0.0003614657383458628,0.9193101525306702,0.5228476871717844,0.009088927533300952,0.7949287295341492,0.6145270321820234, 0.008945849839895898
ltc,32,0.05,Adam,sigmoid,inv,11, 8, 0, 0.2, 3,0.895420253276825,0.5529589301299107,0.0003611675038061504,0.9135047197341919,0.5543046660770644,0.009044609884401469,0.7672024369239807,0.6432432612857304, 0.008804969575285234
ltc,32,0.05,Adam,sigmoid,inv,11, 8, 1, 0.2, 3,0.9082515239715576,0.5388402802464115,0.00036211309263977785,0.9443427920341492,0.49701984986564185,0.009098269952443814,0.7954392433166504,0.6222972869873048, 0.008911035020334619
